x=[4 , 5 , 6 , 7 , 8 ];
y=[1.92696791598e-05 , 0.282898159746 , 0.956142210232 , 0.999479718663 , 1.0]
average: 5.76
