optimal_neighborhood_weight:
x1=[ 0 , 1 , 2 , 3 , 4 , 5 , 6 , 8 , 13 , 16 , 23 , 52 , 63 , 70 , 129 , 163 , 193 , 201 , 239 , 316 , 341 , 374 , 385 , 412 , 453 , 484 , 524 , 576 , 622 , 687 , 772 , 879 , 1001 , 1161 , 1397 , 1694 , 2164 , 2885]

y1=[6.75666666667 , 5.85 , 5.72333333333 , 5.69 , 5.52666666667 , 5.50666666667 , 5.49 , 5.48333333333 , 5.32333333333 , 5.18333333333 , 5.07666666667 , 4.66666666667 , 4.56666666667 , 4.25333333333 , 4.21333333333 , 4.19333333333 , 4.16666666667 , 4.11666666667 , 4.08 , 4.06 , 4.05666666667 , 4.04666666667 , 4.03666666667 , 4.03666666667 , 4.03333333333 , 4.03333333333 , 4.03333333333 , 4.01666666667 , 4.01666666667 , 4.01666666667 , 4.01 , 4.00666666667 , 4.00666666667 , 3.94333333333 , 3.12 , 3.06 , 3.0 , 3.0];



optimal_degree_weight:
x2=[ 0 , 1 , 2 , 3 , 4 , 5 , 6 , 7 , 8 , 10 , 14 , 15 , 16 , 17 , 20 , 23 , 27 , 33 , 40 , 50 , 61 , 74 , 93 , 118 , 148 , 183 , 229 , 287 , 360 , 454 , 590 , 755 , 1000 , 1348 , 1895 , 2713]
y2=[6.75666666667 , 5.85 , 5.72333333333 , 5.69 , 5.52666666667 , 5.41333333333 , 5.38 , 5.37666666667 , 5.36333333333 , 5.20333333333 , 5.07666666667 , 5.07666666667 , 5.07666666667 , 5.07333333333 , 5.07 , 5.07 , 5.05666666667 , 5.05666666667 , 5.05666666667 , 5.05666666667 , 5.04333333333 , 5.04333333333 , 5.04 , 5.00666666667 , 5.00333333333 , 5.00333333333 , 5.0 , 5.0 , 5.0 , 5.0 , 4.01333333333 , 4.01 , 4.0 , 4.0 , 4.0 , 3.0];


random_1002.log:
x3=[ 0 , 40 , 132 , 370 , 372 , 560 , 730 , 996 , 1232 , 1569 , 1837 , 2116 , 2453 , 2597 , 2893 , 3079 , 3439 , 4016 , 4417 , 4964 , 5492 , 6083 , 6698 , 7516 , 8116 , 8170 , 8506 , 8818 , 9715 , 10180 , 10712 , 11026 , 11574 , 12488 , 13386 , 13951 , 14680 , 15689 , 16810 , 18123 , 19630 , 21431 , 23211 , 25042 , 26006 , 28701 , 32147 , 37258];

y3=[6.75666666667 , 6.32 , 6.20666666667 , 5.32 , 5.26 , 5.23 , 5.21333333333 , 5.18333333333 , 5.16666666667 , 5.1 , 5.1 , 5.09333333333 , 5.06666666667 , 5.06666666667 , 5.05666666667 , 5.05333333333 , 5.05 , 5.05 , 5.04666666667 , 5.04 , 5.03 , 5.03 , 5.03 , 5.01666666667 , 5.01333333333 , 5.01333333333 , 5.01 , 5.00666666667 , 5.00666666667 , 5.00666666667 , 5.00666666667 , 5.00666666667 , 5.00666666667 , 5.00666666667 , 5.00666666667 , 5.00666666667 , 4.60666666667 , 4.56666666667 , 4.56 , 4.56 , 4.52 , 4.51666666667 , 4.51 , 4.49 , 4.03666666667 , 4.03333333333 , 4.03333333333 , 4.0];