x=[1, 2, 4, 13, 66, 331, 1656, 8292, 41562, 208136, 1042101, 5429595, 23124464]
y=[0.1511320936506407, 0.36689469120339147, 0.5024568840928798, 0.6056074766355141, 0.6994893535022642, 0.7495327102803738, 0.7976490991424993, 0.8972348010405626, 0.9803063878986414, 0.996589266788708, 0.9995375277001638, 0.9998458425667213, 1.0]
